
 | 67.2 |  | 141.12 |  | 296.352 |  | 622.339 |  | 1306.91 |  | 2744.52 |
 | 22.1 |  | 28.73 |  | 37.349 |  | 48.5537 |  | 63.1198 |  | 82.0557 |
 | 86.7 |  | 147.39 |  | 250.563 |  | 425.957 |  | 724.127 |  | 1231.02 |
 | 73.6 |  | 235.52 |  | 753.664 |  | 2411.72 |  | 7717.52 |  | 24696.1 |
 | 13.5 |  | 20.25 |  | 30.375 |  | 45.5625 |  | 68.3438 |  | 102.516 |

El numero de filas es: 6

El numero de columnas es: 6
 | 67.2 |  | 22.1 |  | 86.7 |  | 73.6 |  | 13.5 |  | 20.25 |
 | 22.1 |  | 86.7 |  | 73.6 |  | 13.5 |  | 20.25 |  | 30.375 |
 | 86.7 |  | 73.6 |  | 13.5 |  | 20.25 |  | 30.375 |  | 45.5625 |
 | 73.6 |  | 13.5 |  | 20.25 |  | 30.375 |  | 45.5625 |  | 68.3438 |
 | 13.5 |  | 20.25 |  | 30.375 |  | 45.5625 |  | 68.3438 |  | 102.516 |
 | 20.25 |  | 30.375 |  | 45.5625 |  | 68.3438 |  | 102.516 |  | 0 |


Por favor ingrese un cero para salir.
Ingrese el cero sin los parentesis.
0
